{
 "cells": [
  {
   "cell_type": "code",
   "execution_count": 1,
   "metadata": {},
   "outputs": [],
   "source": [
    "import pandas as pd\n",
    "import numpy as np\n",
    "from sklearn import preprocessing\n",
    "import seaborn as sns\n",
    "from sklearn.preprocessing import StandardScaler\n",
    "import statsmodels.api as sm"
   ]
  },
  {
   "cell_type": "markdown",
   "metadata": {},
   "source": [
    "# **Train:**"
   ]
  },
  {
   "cell_type": "code",
   "execution_count": 3,
   "metadata": {
    "scrolled": false
   },
   "outputs": [
    {
     "data": {
      "text/html": [
       "<div>\n",
       "<style scoped>\n",
       "    .dataframe tbody tr th:only-of-type {\n",
       "        vertical-align: middle;\n",
       "    }\n",
       "\n",
       "    .dataframe tbody tr th {\n",
       "        vertical-align: top;\n",
       "    }\n",
       "\n",
       "    .dataframe thead th {\n",
       "        text-align: right;\n",
       "    }\n",
       "</style>\n",
       "<table border=\"1\" class=\"dataframe\">\n",
       "  <thead>\n",
       "    <tr style=\"text-align: right;\">\n",
       "      <th></th>\n",
       "      <th>date</th>\n",
       "      <th>fips</th>\n",
       "      <th>PRECTOT</th>\n",
       "      <th>PS</th>\n",
       "      <th>QV2M</th>\n",
       "      <th>T2M</th>\n",
       "      <th>T2MDEW</th>\n",
       "      <th>T2MWET</th>\n",
       "      <th>T2M_MAX</th>\n",
       "      <th>T2M_MIN</th>\n",
       "      <th>...</th>\n",
       "      <th>TS</th>\n",
       "      <th>WS10M</th>\n",
       "      <th>WS10M_MAX</th>\n",
       "      <th>WS10M_MIN</th>\n",
       "      <th>WS10M_RANGE</th>\n",
       "      <th>WS50M</th>\n",
       "      <th>WS50M_MAX</th>\n",
       "      <th>WS50M_MIN</th>\n",
       "      <th>WS50M_RANGE</th>\n",
       "      <th>score</th>\n",
       "    </tr>\n",
       "  </thead>\n",
       "  <tbody>\n",
       "    <tr>\n",
       "      <th>0</th>\n",
       "      <td>2000-01-04</td>\n",
       "      <td>17079</td>\n",
       "      <td>-0.385644</td>\n",
       "      <td>0.643663</td>\n",
       "      <td>-1.181595</td>\n",
       "      <td>-1.510872</td>\n",
       "      <td>-1.319022</td>\n",
       "      <td>-1.320868</td>\n",
       "      <td>-1.713421</td>\n",
       "      <td>-1.407661</td>\n",
       "      <td>...</td>\n",
       "      <td>-1.457308</td>\n",
       "      <td>2.307501</td>\n",
       "      <td>1.591299</td>\n",
       "      <td>2.057370</td>\n",
       "      <td>0.717516</td>\n",
       "      <td>1.906160</td>\n",
       "      <td>1.239922</td>\n",
       "      <td>1.543501</td>\n",
       "      <td>0.129866</td>\n",
       "      <td>2</td>\n",
       "    </tr>\n",
       "    <tr>\n",
       "      <th>1</th>\n",
       "      <td>2000-01-04</td>\n",
       "      <td>10001</td>\n",
       "      <td>2.927081</td>\n",
       "      <td>0.800878</td>\n",
       "      <td>0.319408</td>\n",
       "      <td>-0.128330</td>\n",
       "      <td>0.572981</td>\n",
       "      <td>0.572174</td>\n",
       "      <td>-0.297707</td>\n",
       "      <td>-0.270380</td>\n",
       "      <td>...</td>\n",
       "      <td>-0.213661</td>\n",
       "      <td>2.153552</td>\n",
       "      <td>2.162922</td>\n",
       "      <td>2.375407</td>\n",
       "      <td>1.259570</td>\n",
       "      <td>2.289154</td>\n",
       "      <td>2.461635</td>\n",
       "      <td>2.009084</td>\n",
       "      <td>1.257290</td>\n",
       "      <td>0</td>\n",
       "    </tr>\n",
       "    <tr>\n",
       "      <th>2</th>\n",
       "      <td>2000-01-04</td>\n",
       "      <td>22047</td>\n",
       "      <td>-0.369334</td>\n",
       "      <td>1.062367</td>\n",
       "      <td>-0.666716</td>\n",
       "      <td>-0.536950</td>\n",
       "      <td>-0.358208</td>\n",
       "      <td>-0.363410</td>\n",
       "      <td>-0.594739</td>\n",
       "      <td>-0.578938</td>\n",
       "      <td>...</td>\n",
       "      <td>-0.527583</td>\n",
       "      <td>1.152884</td>\n",
       "      <td>1.166445</td>\n",
       "      <td>1.012390</td>\n",
       "      <td>0.860700</td>\n",
       "      <td>1.417513</td>\n",
       "      <td>0.889344</td>\n",
       "      <td>1.754693</td>\n",
       "      <td>-0.520221</td>\n",
       "      <td>1</td>\n",
       "    </tr>\n",
       "    <tr>\n",
       "      <th>3</th>\n",
       "      <td>2000-01-04</td>\n",
       "      <td>51081</td>\n",
       "      <td>2.330863</td>\n",
       "      <td>0.744729</td>\n",
       "      <td>0.618300</td>\n",
       "      <td>0.100461</td>\n",
       "      <td>0.784301</td>\n",
       "      <td>0.784942</td>\n",
       "      <td>-0.062591</td>\n",
       "      <td>0.039109</td>\n",
       "      <td>...</td>\n",
       "      <td>0.063278</td>\n",
       "      <td>0.548085</td>\n",
       "      <td>0.529163</td>\n",
       "      <td>0.921522</td>\n",
       "      <td>0.078301</td>\n",
       "      <td>1.241424</td>\n",
       "      <td>1.289499</td>\n",
       "      <td>1.322709</td>\n",
       "      <td>0.402630</td>\n",
       "      <td>0</td>\n",
       "    </tr>\n",
       "    <tr>\n",
       "      <th>4</th>\n",
       "      <td>2000-01-04</td>\n",
       "      <td>49045</td>\n",
       "      <td>-0.267850</td>\n",
       "      <td>-1.507611</td>\n",
       "      <td>-1.142325</td>\n",
       "      <td>-1.434312</td>\n",
       "      <td>-1.428632</td>\n",
       "      <td>-1.427252</td>\n",
       "      <td>-1.249047</td>\n",
       "      <td>-1.400204</td>\n",
       "      <td>...</td>\n",
       "      <td>-1.474509</td>\n",
       "      <td>0.432623</td>\n",
       "      <td>0.876771</td>\n",
       "      <td>0.255159</td>\n",
       "      <td>0.988543</td>\n",
       "      <td>0.523861</td>\n",
       "      <td>0.241305</td>\n",
       "      <td>0.305147</td>\n",
       "      <td>0.020761</td>\n",
       "      <td>0</td>\n",
       "    </tr>\n",
       "    <tr>\n",
       "      <th>...</th>\n",
       "      <td>...</td>\n",
       "      <td>...</td>\n",
       "      <td>...</td>\n",
       "      <td>...</td>\n",
       "      <td>...</td>\n",
       "      <td>...</td>\n",
       "      <td>...</td>\n",
       "      <td>...</td>\n",
       "      <td>...</td>\n",
       "      <td>...</td>\n",
       "      <td>...</td>\n",
       "      <td>...</td>\n",
       "      <td>...</td>\n",
       "      <td>...</td>\n",
       "      <td>...</td>\n",
       "      <td>...</td>\n",
       "      <td>...</td>\n",
       "      <td>...</td>\n",
       "      <td>...</td>\n",
       "      <td>...</td>\n",
       "      <td>...</td>\n",
       "    </tr>\n",
       "    <tr>\n",
       "      <th>2546113</th>\n",
       "      <td>2016-12-27</td>\n",
       "      <td>45057</td>\n",
       "      <td>-0.385644</td>\n",
       "      <td>0.754355</td>\n",
       "      <td>0.319408</td>\n",
       "      <td>-0.059782</td>\n",
       "      <td>0.596681</td>\n",
       "      <td>0.572174</td>\n",
       "      <td>0.011039</td>\n",
       "      <td>-0.061568</td>\n",
       "      <td>...</td>\n",
       "      <td>-0.079492</td>\n",
       "      <td>-0.601034</td>\n",
       "      <td>-0.305097</td>\n",
       "      <td>-0.418778</td>\n",
       "      <td>-0.116021</td>\n",
       "      <td>-0.193703</td>\n",
       "      <td>-0.229674</td>\n",
       "      <td>0.305147</td>\n",
       "      <td>-0.583865</td>\n",
       "      <td>2</td>\n",
       "    </tr>\n",
       "    <tr>\n",
       "      <th>2546114</th>\n",
       "      <td>2016-12-27</td>\n",
       "      <td>47037</td>\n",
       "      <td>2.156891</td>\n",
       "      <td>0.694998</td>\n",
       "      <td>-0.609992</td>\n",
       "      <td>-0.608169</td>\n",
       "      <td>-0.301922</td>\n",
       "      <td>-0.411134</td>\n",
       "      <td>-0.360460</td>\n",
       "      <td>-0.625548</td>\n",
       "      <td>...</td>\n",
       "      <td>-0.623050</td>\n",
       "      <td>-0.425092</td>\n",
       "      <td>0.027062</td>\n",
       "      <td>-0.282476</td>\n",
       "      <td>0.231712</td>\n",
       "      <td>-0.515065</td>\n",
       "      <td>-0.162392</td>\n",
       "      <td>-0.578021</td>\n",
       "      <td>0.343531</td>\n",
       "      <td>1</td>\n",
       "    </tr>\n",
       "    <tr>\n",
       "      <th>2546115</th>\n",
       "      <td>2016-12-27</td>\n",
       "      <td>38087</td>\n",
       "      <td>-0.392893</td>\n",
       "      <td>-0.699079</td>\n",
       "      <td>-1.231774</td>\n",
       "      <td>-1.826907</td>\n",
       "      <td>-1.562928</td>\n",
       "      <td>-1.566446</td>\n",
       "      <td>-1.836417</td>\n",
       "      <td>-1.914776</td>\n",
       "      <td>...</td>\n",
       "      <td>-1.888198</td>\n",
       "      <td>1.103400</td>\n",
       "      <td>1.154858</td>\n",
       "      <td>1.428868</td>\n",
       "      <td>0.564104</td>\n",
       "      <td>1.558384</td>\n",
       "      <td>1.608206</td>\n",
       "      <td>1.265111</td>\n",
       "      <td>0.866328</td>\n",
       "      <td>0</td>\n",
       "    </tr>\n",
       "    <tr>\n",
       "      <th>2546116</th>\n",
       "      <td>2016-12-27</td>\n",
       "      <td>6053</td>\n",
       "      <td>-0.401954</td>\n",
       "      <td>0.297149</td>\n",
       "      <td>-0.847796</td>\n",
       "      <td>-0.739925</td>\n",
       "      <td>-0.677163</td>\n",
       "      <td>-0.706425</td>\n",
       "      <td>-0.581352</td>\n",
       "      <td>-0.634870</td>\n",
       "      <td>...</td>\n",
       "      <td>-0.847525</td>\n",
       "      <td>-0.667012</td>\n",
       "      <td>-0.872857</td>\n",
       "      <td>-0.471784</td>\n",
       "      <td>-0.837055</td>\n",
       "      <td>-0.959691</td>\n",
       "      <td>-1.114973</td>\n",
       "      <td>-0.808412</td>\n",
       "      <td>-0.670241</td>\n",
       "      <td>4</td>\n",
       "    </tr>\n",
       "    <tr>\n",
       "      <th>2546117</th>\n",
       "      <td>2016-12-27</td>\n",
       "      <td>28029</td>\n",
       "      <td>-0.173615</td>\n",
       "      <td>0.866651</td>\n",
       "      <td>0.960825</td>\n",
       "      <td>0.335485</td>\n",
       "      <td>1.029195</td>\n",
       "      <td>1.021572</td>\n",
       "      <td>0.223564</td>\n",
       "      <td>0.457666</td>\n",
       "      <td>...</td>\n",
       "      <td>0.302375</td>\n",
       "      <td>-1.106866</td>\n",
       "      <td>-1.259089</td>\n",
       "      <td>-0.797394</td>\n",
       "      <td>-1.133651</td>\n",
       "      <td>-0.845233</td>\n",
       "      <td>-1.012279</td>\n",
       "      <td>-0.414827</td>\n",
       "      <td>-0.906636</td>\n",
       "      <td>1</td>\n",
       "    </tr>\n",
       "  </tbody>\n",
       "</table>\n",
       "<p>2546118 rows × 21 columns</p>\n",
       "</div>"
      ],
      "text/plain": [
       "               date   fips   PRECTOT        PS      QV2M       T2M    T2MDEW  \\\n",
       "0        2000-01-04  17079 -0.385644  0.643663 -1.181595 -1.510872 -1.319022   \n",
       "1        2000-01-04  10001  2.927081  0.800878  0.319408 -0.128330  0.572981   \n",
       "2        2000-01-04  22047 -0.369334  1.062367 -0.666716 -0.536950 -0.358208   \n",
       "3        2000-01-04  51081  2.330863  0.744729  0.618300  0.100461  0.784301   \n",
       "4        2000-01-04  49045 -0.267850 -1.507611 -1.142325 -1.434312 -1.428632   \n",
       "...             ...    ...       ...       ...       ...       ...       ...   \n",
       "2546113  2016-12-27  45057 -0.385644  0.754355  0.319408 -0.059782  0.596681   \n",
       "2546114  2016-12-27  47037  2.156891  0.694998 -0.609992 -0.608169 -0.301922   \n",
       "2546115  2016-12-27  38087 -0.392893 -0.699079 -1.231774 -1.826907 -1.562928   \n",
       "2546116  2016-12-27   6053 -0.401954  0.297149 -0.847796 -0.739925 -0.677163   \n",
       "2546117  2016-12-27  28029 -0.173615  0.866651  0.960825  0.335485  1.029195   \n",
       "\n",
       "           T2MWET   T2M_MAX   T2M_MIN  ...        TS     WS10M  WS10M_MAX  \\\n",
       "0       -1.320868 -1.713421 -1.407661  ... -1.457308  2.307501   1.591299   \n",
       "1        0.572174 -0.297707 -0.270380  ... -0.213661  2.153552   2.162922   \n",
       "2       -0.363410 -0.594739 -0.578938  ... -0.527583  1.152884   1.166445   \n",
       "3        0.784942 -0.062591  0.039109  ...  0.063278  0.548085   0.529163   \n",
       "4       -1.427252 -1.249047 -1.400204  ... -1.474509  0.432623   0.876771   \n",
       "...           ...       ...       ...  ...       ...       ...        ...   \n",
       "2546113  0.572174  0.011039 -0.061568  ... -0.079492 -0.601034  -0.305097   \n",
       "2546114 -0.411134 -0.360460 -0.625548  ... -0.623050 -0.425092   0.027062   \n",
       "2546115 -1.566446 -1.836417 -1.914776  ... -1.888198  1.103400   1.154858   \n",
       "2546116 -0.706425 -0.581352 -0.634870  ... -0.847525 -0.667012  -0.872857   \n",
       "2546117  1.021572  0.223564  0.457666  ...  0.302375 -1.106866  -1.259089   \n",
       "\n",
       "         WS10M_MIN  WS10M_RANGE     WS50M  WS50M_MAX  WS50M_MIN  WS50M_RANGE  \\\n",
       "0         2.057370     0.717516  1.906160   1.239922   1.543501     0.129866   \n",
       "1         2.375407     1.259570  2.289154   2.461635   2.009084     1.257290   \n",
       "2         1.012390     0.860700  1.417513   0.889344   1.754693    -0.520221   \n",
       "3         0.921522     0.078301  1.241424   1.289499   1.322709     0.402630   \n",
       "4         0.255159     0.988543  0.523861   0.241305   0.305147     0.020761   \n",
       "...            ...          ...       ...        ...        ...          ...   \n",
       "2546113  -0.418778    -0.116021 -0.193703  -0.229674   0.305147    -0.583865   \n",
       "2546114  -0.282476     0.231712 -0.515065  -0.162392  -0.578021     0.343531   \n",
       "2546115   1.428868     0.564104  1.558384   1.608206   1.265111     0.866328   \n",
       "2546116  -0.471784    -0.837055 -0.959691  -1.114973  -0.808412    -0.670241   \n",
       "2546117  -0.797394    -1.133651 -0.845233  -1.012279  -0.414827    -0.906636   \n",
       "\n",
       "         score  \n",
       "0            2  \n",
       "1            0  \n",
       "2            1  \n",
       "3            0  \n",
       "4            0  \n",
       "...        ...  \n",
       "2546113      2  \n",
       "2546114      1  \n",
       "2546115      0  \n",
       "2546116      4  \n",
       "2546117      1  \n",
       "\n",
       "[2546118 rows x 21 columns]"
      ]
     },
     "execution_count": 3,
     "metadata": {},
     "output_type": "execute_result"
    }
   ],
   "source": [
    "df = pd.read_csv('Prepared_Train.csv')\n",
    "df"
   ]
  },
  {
   "cell_type": "markdown",
   "metadata": {},
   "source": [
    "correlation of columns:"
   ]
  },
  {
   "cell_type": "code",
   "execution_count": 4,
   "metadata": {
    "scrolled": true
   },
   "outputs": [
    {
     "data": {
      "text/html": [
       "<div>\n",
       "<style scoped>\n",
       "    .dataframe tbody tr th:only-of-type {\n",
       "        vertical-align: middle;\n",
       "    }\n",
       "\n",
       "    .dataframe tbody tr th {\n",
       "        vertical-align: top;\n",
       "    }\n",
       "\n",
       "    .dataframe thead th {\n",
       "        text-align: right;\n",
       "    }\n",
       "</style>\n",
       "<table border=\"1\" class=\"dataframe\">\n",
       "  <thead>\n",
       "    <tr style=\"text-align: right;\">\n",
       "      <th></th>\n",
       "      <th>fips</th>\n",
       "      <th>PRECTOT</th>\n",
       "      <th>PS</th>\n",
       "      <th>QV2M</th>\n",
       "      <th>T2M</th>\n",
       "      <th>T2MDEW</th>\n",
       "      <th>T2MWET</th>\n",
       "      <th>T2M_MAX</th>\n",
       "      <th>T2M_MIN</th>\n",
       "      <th>T2M_RANGE</th>\n",
       "      <th>TS</th>\n",
       "      <th>WS10M</th>\n",
       "      <th>WS10M_MAX</th>\n",
       "      <th>WS10M_MIN</th>\n",
       "      <th>WS10M_RANGE</th>\n",
       "      <th>WS50M</th>\n",
       "      <th>WS50M_MAX</th>\n",
       "      <th>WS50M_MIN</th>\n",
       "      <th>WS50M_RANGE</th>\n",
       "      <th>score</th>\n",
       "    </tr>\n",
       "  </thead>\n",
       "  <tbody>\n",
       "    <tr>\n",
       "      <th>fips</th>\n",
       "      <td>1.000000</td>\n",
       "      <td>-0.031630</td>\n",
       "      <td>-0.025136</td>\n",
       "      <td>-0.036893</td>\n",
       "      <td>-0.010922</td>\n",
       "      <td>-0.038717</td>\n",
       "      <td>-0.038743</td>\n",
       "      <td>-0.009993</td>\n",
       "      <td>-0.015826</td>\n",
       "      <td>0.012226</td>\n",
       "      <td>-0.000567</td>\n",
       "      <td>0.178540</td>\n",
       "      <td>0.168260</td>\n",
       "      <td>0.140860</td>\n",
       "      <td>0.127652</td>\n",
       "      <td>0.171681</td>\n",
       "      <td>0.178319</td>\n",
       "      <td>0.126379</td>\n",
       "      <td>0.109222</td>\n",
       "      <td>-0.056733</td>\n",
       "    </tr>\n",
       "    <tr>\n",
       "      <th>PRECTOT</th>\n",
       "      <td>-0.031630</td>\n",
       "      <td>1.000000</td>\n",
       "      <td>0.089561</td>\n",
       "      <td>0.264132</td>\n",
       "      <td>0.059669</td>\n",
       "      <td>0.242507</td>\n",
       "      <td>0.242517</td>\n",
       "      <td>-0.008721</td>\n",
       "      <td>0.114611</td>\n",
       "      <td>-0.323971</td>\n",
       "      <td>0.053846</td>\n",
       "      <td>0.013557</td>\n",
       "      <td>0.020099</td>\n",
       "      <td>0.007142</td>\n",
       "      <td>0.021793</td>\n",
       "      <td>0.038400</td>\n",
       "      <td>0.040684</td>\n",
       "      <td>0.046776</td>\n",
       "      <td>0.007928</td>\n",
       "      <td>-0.059017</td>\n",
       "    </tr>\n",
       "    <tr>\n",
       "      <th>PS</th>\n",
       "      <td>-0.025136</td>\n",
       "      <td>0.089561</td>\n",
       "      <td>1.000000</td>\n",
       "      <td>0.369857</td>\n",
       "      <td>0.221625</td>\n",
       "      <td>0.434118</td>\n",
       "      <td>0.434541</td>\n",
       "      <td>0.172897</td>\n",
       "      <td>0.265516</td>\n",
       "      <td>-0.189930</td>\n",
       "      <td>0.217483</td>\n",
       "      <td>-0.102099</td>\n",
       "      <td>-0.167571</td>\n",
       "      <td>0.018332</td>\n",
       "      <td>-0.234233</td>\n",
       "      <td>-0.051806</td>\n",
       "      <td>-0.110569</td>\n",
       "      <td>0.039797</td>\n",
       "      <td>-0.179640</td>\n",
       "      <td>-0.106192</td>\n",
       "    </tr>\n",
       "    <tr>\n",
       "      <th>QV2M</th>\n",
       "      <td>-0.036893</td>\n",
       "      <td>0.264132</td>\n",
       "      <td>0.369857</td>\n",
       "      <td>1.000000</td>\n",
       "      <td>0.821779</td>\n",
       "      <td>0.962487</td>\n",
       "      <td>0.963686</td>\n",
       "      <td>0.747777</td>\n",
       "      <td>0.872215</td>\n",
       "      <td>-0.101883</td>\n",
       "      <td>0.811814</td>\n",
       "      <td>-0.208634</td>\n",
       "      <td>-0.254716</td>\n",
       "      <td>-0.069646</td>\n",
       "      <td>-0.290214</td>\n",
       "      <td>-0.200504</td>\n",
       "      <td>-0.256431</td>\n",
       "      <td>-0.051629</td>\n",
       "      <td>-0.280298</td>\n",
       "      <td>0.021616</td>\n",
       "    </tr>\n",
       "    <tr>\n",
       "      <th>T2M</th>\n",
       "      <td>-0.010922</td>\n",
       "      <td>0.059669</td>\n",
       "      <td>0.221625</td>\n",
       "      <td>0.821779</td>\n",
       "      <td>1.000000</td>\n",
       "      <td>0.863616</td>\n",
       "      <td>0.864602</td>\n",
       "      <td>0.984131</td>\n",
       "      <td>0.981989</td>\n",
       "      <td>0.298241</td>\n",
       "      <td>0.997237</td>\n",
       "      <td>-0.158889</td>\n",
       "      <td>-0.183937</td>\n",
       "      <td>-0.065859</td>\n",
       "      <td>-0.199063</td>\n",
       "      <td>-0.161299</td>\n",
       "      <td>-0.176500</td>\n",
       "      <td>-0.073905</td>\n",
       "      <td>-0.156582</td>\n",
       "      <td>0.183459</td>\n",
       "    </tr>\n",
       "    <tr>\n",
       "      <th>T2MDEW</th>\n",
       "      <td>-0.038717</td>\n",
       "      <td>0.242507</td>\n",
       "      <td>0.434118</td>\n",
       "      <td>0.962487</td>\n",
       "      <td>0.863616</td>\n",
       "      <td>1.000000</td>\n",
       "      <td>0.999960</td>\n",
       "      <td>0.797686</td>\n",
       "      <td>0.903542</td>\n",
       "      <td>-0.038623</td>\n",
       "      <td>0.852574</td>\n",
       "      <td>-0.222148</td>\n",
       "      <td>-0.269673</td>\n",
       "      <td>-0.073715</td>\n",
       "      <td>-0.307266</td>\n",
       "      <td>-0.198396</td>\n",
       "      <td>-0.253461</td>\n",
       "      <td>-0.050469</td>\n",
       "      <td>-0.277582</td>\n",
       "      <td>0.018576</td>\n",
       "    </tr>\n",
       "    <tr>\n",
       "      <th>T2MWET</th>\n",
       "      <td>-0.038743</td>\n",
       "      <td>0.242517</td>\n",
       "      <td>0.434541</td>\n",
       "      <td>0.963686</td>\n",
       "      <td>0.864602</td>\n",
       "      <td>0.999960</td>\n",
       "      <td>1.000000</td>\n",
       "      <td>0.798672</td>\n",
       "      <td>0.904525</td>\n",
       "      <td>-0.038324</td>\n",
       "      <td>0.853612</td>\n",
       "      <td>-0.221718</td>\n",
       "      <td>-0.269166</td>\n",
       "      <td>-0.073653</td>\n",
       "      <td>-0.306636</td>\n",
       "      <td>-0.198210</td>\n",
       "      <td>-0.253167</td>\n",
       "      <td>-0.050520</td>\n",
       "      <td>-0.277157</td>\n",
       "      <td>0.019381</td>\n",
       "    </tr>\n",
       "    <tr>\n",
       "      <th>T2M_MAX</th>\n",
       "      <td>-0.009993</td>\n",
       "      <td>-0.008721</td>\n",
       "      <td>0.172897</td>\n",
       "      <td>0.747777</td>\n",
       "      <td>0.984131</td>\n",
       "      <td>0.797686</td>\n",
       "      <td>0.798672</td>\n",
       "      <td>1.000000</td>\n",
       "      <td>0.939751</td>\n",
       "      <td>0.454374</td>\n",
       "      <td>0.980854</td>\n",
       "      <td>-0.163861</td>\n",
       "      <td>-0.181203</td>\n",
       "      <td>-0.079313</td>\n",
       "      <td>-0.186357</td>\n",
       "      <td>-0.160023</td>\n",
       "      <td>-0.161648</td>\n",
       "      <td>-0.092867</td>\n",
       "      <td>-0.119556</td>\n",
       "      <td>0.215055</td>\n",
       "    </tr>\n",
       "    <tr>\n",
       "      <th>T2M_MIN</th>\n",
       "      <td>-0.015826</td>\n",
       "      <td>0.114611</td>\n",
       "      <td>0.265516</td>\n",
       "      <td>0.872215</td>\n",
       "      <td>0.981989</td>\n",
       "      <td>0.903542</td>\n",
       "      <td>0.904525</td>\n",
       "      <td>0.939751</td>\n",
       "      <td>1.000000</td>\n",
       "      <td>0.122465</td>\n",
       "      <td>0.978324</td>\n",
       "      <td>-0.163263</td>\n",
       "      <td>-0.195162</td>\n",
       "      <td>-0.058402</td>\n",
       "      <td>-0.218959</td>\n",
       "      <td>-0.171324</td>\n",
       "      <td>-0.201915</td>\n",
       "      <td>-0.060939</td>\n",
       "      <td>-0.201491</td>\n",
       "      <td>0.158874</td>\n",
       "    </tr>\n",
       "    <tr>\n",
       "      <th>T2M_RANGE</th>\n",
       "      <td>0.012226</td>\n",
       "      <td>-0.323971</td>\n",
       "      <td>-0.189930</td>\n",
       "      <td>-0.101883</td>\n",
       "      <td>0.298241</td>\n",
       "      <td>-0.038623</td>\n",
       "      <td>-0.038324</td>\n",
       "      <td>0.454374</td>\n",
       "      <td>0.122465</td>\n",
       "      <td>1.000000</td>\n",
       "      <td>0.298277</td>\n",
       "      <td>-0.050288</td>\n",
       "      <td>-0.017509</td>\n",
       "      <td>-0.078076</td>\n",
       "      <td>0.029539</td>\n",
       "      <td>-0.018139</td>\n",
       "      <td>0.056856</td>\n",
       "      <td>-0.110814</td>\n",
       "      <td>0.177951</td>\n",
       "      <td>0.210347</td>\n",
       "    </tr>\n",
       "    <tr>\n",
       "      <th>TS</th>\n",
       "      <td>-0.000567</td>\n",
       "      <td>0.053846</td>\n",
       "      <td>0.217483</td>\n",
       "      <td>0.811814</td>\n",
       "      <td>0.997237</td>\n",
       "      <td>0.852574</td>\n",
       "      <td>0.853612</td>\n",
       "      <td>0.980854</td>\n",
       "      <td>0.978324</td>\n",
       "      <td>0.298277</td>\n",
       "      <td>1.000000</td>\n",
       "      <td>-0.135847</td>\n",
       "      <td>-0.160465</td>\n",
       "      <td>-0.048461</td>\n",
       "      <td>-0.179734</td>\n",
       "      <td>-0.144483</td>\n",
       "      <td>-0.157044</td>\n",
       "      <td>-0.062116</td>\n",
       "      <td>-0.142772</td>\n",
       "      <td>0.189551</td>\n",
       "    </tr>\n",
       "    <tr>\n",
       "      <th>WS10M</th>\n",
       "      <td>0.178540</td>\n",
       "      <td>0.013557</td>\n",
       "      <td>-0.102099</td>\n",
       "      <td>-0.208634</td>\n",
       "      <td>-0.158889</td>\n",
       "      <td>-0.222148</td>\n",
       "      <td>-0.221718</td>\n",
       "      <td>-0.163861</td>\n",
       "      <td>-0.163263</td>\n",
       "      <td>-0.050288</td>\n",
       "      <td>-0.135847</td>\n",
       "      <td>1.000000</td>\n",
       "      <td>0.949441</td>\n",
       "      <td>0.825591</td>\n",
       "      <td>0.699529</td>\n",
       "      <td>0.966296</td>\n",
       "      <td>0.907668</td>\n",
       "      <td>0.790328</td>\n",
       "      <td>0.416696</td>\n",
       "      <td>-0.010262</td>\n",
       "    </tr>\n",
       "    <tr>\n",
       "      <th>WS10M_MAX</th>\n",
       "      <td>0.168260</td>\n",
       "      <td>0.020099</td>\n",
       "      <td>-0.167571</td>\n",
       "      <td>-0.254716</td>\n",
       "      <td>-0.183937</td>\n",
       "      <td>-0.269673</td>\n",
       "      <td>-0.269166</td>\n",
       "      <td>-0.181203</td>\n",
       "      <td>-0.195162</td>\n",
       "      <td>-0.017509</td>\n",
       "      <td>-0.160465</td>\n",
       "      <td>0.949441</td>\n",
       "      <td>1.000000</td>\n",
       "      <td>0.676101</td>\n",
       "      <td>0.867420</td>\n",
       "      <td>0.907085</td>\n",
       "      <td>0.943767</td>\n",
       "      <td>0.648543</td>\n",
       "      <td>0.597329</td>\n",
       "      <td>0.005142</td>\n",
       "    </tr>\n",
       "    <tr>\n",
       "      <th>WS10M_MIN</th>\n",
       "      <td>0.140860</td>\n",
       "      <td>0.007142</td>\n",
       "      <td>0.018332</td>\n",
       "      <td>-0.069646</td>\n",
       "      <td>-0.065859</td>\n",
       "      <td>-0.073715</td>\n",
       "      <td>-0.073653</td>\n",
       "      <td>-0.079313</td>\n",
       "      <td>-0.058402</td>\n",
       "      <td>-0.078076</td>\n",
       "      <td>-0.048461</td>\n",
       "      <td>0.825591</td>\n",
       "      <td>0.676101</td>\n",
       "      <td>1.000000</td>\n",
       "      <td>0.219848</td>\n",
       "      <td>0.831900</td>\n",
       "      <td>0.656063</td>\n",
       "      <td>0.944035</td>\n",
       "      <td>-0.051891</td>\n",
       "      <td>-0.031935</td>\n",
       "    </tr>\n",
       "    <tr>\n",
       "      <th>WS10M_RANGE</th>\n",
       "      <td>0.127652</td>\n",
       "      <td>0.021793</td>\n",
       "      <td>-0.234233</td>\n",
       "      <td>-0.290214</td>\n",
       "      <td>-0.199063</td>\n",
       "      <td>-0.307266</td>\n",
       "      <td>-0.306636</td>\n",
       "      <td>-0.186357</td>\n",
       "      <td>-0.218959</td>\n",
       "      <td>0.029539</td>\n",
       "      <td>-0.179734</td>\n",
       "      <td>0.699529</td>\n",
       "      <td>0.867420</td>\n",
       "      <td>0.219848</td>\n",
       "      <td>1.000000</td>\n",
       "      <td>0.639188</td>\n",
       "      <td>0.806500</td>\n",
       "      <td>0.221152</td>\n",
       "      <td>0.825907</td>\n",
       "      <td>0.028356</td>\n",
       "    </tr>\n",
       "    <tr>\n",
       "      <th>WS50M</th>\n",
       "      <td>0.171681</td>\n",
       "      <td>0.038400</td>\n",
       "      <td>-0.051806</td>\n",
       "      <td>-0.200504</td>\n",
       "      <td>-0.161299</td>\n",
       "      <td>-0.198396</td>\n",
       "      <td>-0.198210</td>\n",
       "      <td>-0.160023</td>\n",
       "      <td>-0.171324</td>\n",
       "      <td>-0.018139</td>\n",
       "      <td>-0.144483</td>\n",
       "      <td>0.966296</td>\n",
       "      <td>0.907085</td>\n",
       "      <td>0.831900</td>\n",
       "      <td>0.639188</td>\n",
       "      <td>1.000000</td>\n",
       "      <td>0.916961</td>\n",
       "      <td>0.840269</td>\n",
       "      <td>0.381325</td>\n",
       "      <td>-0.031500</td>\n",
       "    </tr>\n",
       "    <tr>\n",
       "      <th>WS50M_MAX</th>\n",
       "      <td>0.178319</td>\n",
       "      <td>0.040684</td>\n",
       "      <td>-0.110569</td>\n",
       "      <td>-0.256431</td>\n",
       "      <td>-0.176500</td>\n",
       "      <td>-0.253461</td>\n",
       "      <td>-0.253167</td>\n",
       "      <td>-0.161648</td>\n",
       "      <td>-0.201915</td>\n",
       "      <td>0.056856</td>\n",
       "      <td>-0.157044</td>\n",
       "      <td>0.907668</td>\n",
       "      <td>0.943767</td>\n",
       "      <td>0.656063</td>\n",
       "      <td>0.806500</td>\n",
       "      <td>0.916961</td>\n",
       "      <td>1.000000</td>\n",
       "      <td>0.635388</td>\n",
       "      <td>0.681978</td>\n",
       "      <td>-0.011423</td>\n",
       "    </tr>\n",
       "    <tr>\n",
       "      <th>WS50M_MIN</th>\n",
       "      <td>0.126379</td>\n",
       "      <td>0.046776</td>\n",
       "      <td>0.039797</td>\n",
       "      <td>-0.051629</td>\n",
       "      <td>-0.073905</td>\n",
       "      <td>-0.050469</td>\n",
       "      <td>-0.050520</td>\n",
       "      <td>-0.092867</td>\n",
       "      <td>-0.060939</td>\n",
       "      <td>-0.110814</td>\n",
       "      <td>-0.062116</td>\n",
       "      <td>0.790328</td>\n",
       "      <td>0.648543</td>\n",
       "      <td>0.944035</td>\n",
       "      <td>0.221152</td>\n",
       "      <td>0.840269</td>\n",
       "      <td>0.635388</td>\n",
       "      <td>1.000000</td>\n",
       "      <td>-0.131438</td>\n",
       "      <td>-0.050910</td>\n",
       "    </tr>\n",
       "    <tr>\n",
       "      <th>WS50M_RANGE</th>\n",
       "      <td>0.109222</td>\n",
       "      <td>0.007928</td>\n",
       "      <td>-0.179640</td>\n",
       "      <td>-0.280298</td>\n",
       "      <td>-0.156582</td>\n",
       "      <td>-0.277582</td>\n",
       "      <td>-0.277157</td>\n",
       "      <td>-0.119556</td>\n",
       "      <td>-0.201491</td>\n",
       "      <td>0.177951</td>\n",
       "      <td>-0.142772</td>\n",
       "      <td>0.416696</td>\n",
       "      <td>0.597329</td>\n",
       "      <td>-0.051891</td>\n",
       "      <td>0.825907</td>\n",
       "      <td>0.381325</td>\n",
       "      <td>0.681978</td>\n",
       "      <td>-0.131438</td>\n",
       "      <td>1.000000</td>\n",
       "      <td>0.033559</td>\n",
       "    </tr>\n",
       "    <tr>\n",
       "      <th>score</th>\n",
       "      <td>-0.056733</td>\n",
       "      <td>-0.059017</td>\n",
       "      <td>-0.106192</td>\n",
       "      <td>0.021616</td>\n",
       "      <td>0.183459</td>\n",
       "      <td>0.018576</td>\n",
       "      <td>0.019381</td>\n",
       "      <td>0.215055</td>\n",
       "      <td>0.158874</td>\n",
       "      <td>0.210347</td>\n",
       "      <td>0.189551</td>\n",
       "      <td>-0.010262</td>\n",
       "      <td>0.005142</td>\n",
       "      <td>-0.031935</td>\n",
       "      <td>0.028356</td>\n",
       "      <td>-0.031500</td>\n",
       "      <td>-0.011423</td>\n",
       "      <td>-0.050910</td>\n",
       "      <td>0.033559</td>\n",
       "      <td>1.000000</td>\n",
       "    </tr>\n",
       "  </tbody>\n",
       "</table>\n",
       "</div>"
      ],
      "text/plain": [
       "                 fips   PRECTOT        PS      QV2M       T2M    T2MDEW  \\\n",
       "fips         1.000000 -0.031630 -0.025136 -0.036893 -0.010922 -0.038717   \n",
       "PRECTOT     -0.031630  1.000000  0.089561  0.264132  0.059669  0.242507   \n",
       "PS          -0.025136  0.089561  1.000000  0.369857  0.221625  0.434118   \n",
       "QV2M        -0.036893  0.264132  0.369857  1.000000  0.821779  0.962487   \n",
       "T2M         -0.010922  0.059669  0.221625  0.821779  1.000000  0.863616   \n",
       "T2MDEW      -0.038717  0.242507  0.434118  0.962487  0.863616  1.000000   \n",
       "T2MWET      -0.038743  0.242517  0.434541  0.963686  0.864602  0.999960   \n",
       "T2M_MAX     -0.009993 -0.008721  0.172897  0.747777  0.984131  0.797686   \n",
       "T2M_MIN     -0.015826  0.114611  0.265516  0.872215  0.981989  0.903542   \n",
       "T2M_RANGE    0.012226 -0.323971 -0.189930 -0.101883  0.298241 -0.038623   \n",
       "TS          -0.000567  0.053846  0.217483  0.811814  0.997237  0.852574   \n",
       "WS10M        0.178540  0.013557 -0.102099 -0.208634 -0.158889 -0.222148   \n",
       "WS10M_MAX    0.168260  0.020099 -0.167571 -0.254716 -0.183937 -0.269673   \n",
       "WS10M_MIN    0.140860  0.007142  0.018332 -0.069646 -0.065859 -0.073715   \n",
       "WS10M_RANGE  0.127652  0.021793 -0.234233 -0.290214 -0.199063 -0.307266   \n",
       "WS50M        0.171681  0.038400 -0.051806 -0.200504 -0.161299 -0.198396   \n",
       "WS50M_MAX    0.178319  0.040684 -0.110569 -0.256431 -0.176500 -0.253461   \n",
       "WS50M_MIN    0.126379  0.046776  0.039797 -0.051629 -0.073905 -0.050469   \n",
       "WS50M_RANGE  0.109222  0.007928 -0.179640 -0.280298 -0.156582 -0.277582   \n",
       "score       -0.056733 -0.059017 -0.106192  0.021616  0.183459  0.018576   \n",
       "\n",
       "               T2MWET   T2M_MAX   T2M_MIN  T2M_RANGE        TS     WS10M  \\\n",
       "fips        -0.038743 -0.009993 -0.015826   0.012226 -0.000567  0.178540   \n",
       "PRECTOT      0.242517 -0.008721  0.114611  -0.323971  0.053846  0.013557   \n",
       "PS           0.434541  0.172897  0.265516  -0.189930  0.217483 -0.102099   \n",
       "QV2M         0.963686  0.747777  0.872215  -0.101883  0.811814 -0.208634   \n",
       "T2M          0.864602  0.984131  0.981989   0.298241  0.997237 -0.158889   \n",
       "T2MDEW       0.999960  0.797686  0.903542  -0.038623  0.852574 -0.222148   \n",
       "T2MWET       1.000000  0.798672  0.904525  -0.038324  0.853612 -0.221718   \n",
       "T2M_MAX      0.798672  1.000000  0.939751   0.454374  0.980854 -0.163861   \n",
       "T2M_MIN      0.904525  0.939751  1.000000   0.122465  0.978324 -0.163263   \n",
       "T2M_RANGE   -0.038324  0.454374  0.122465   1.000000  0.298277 -0.050288   \n",
       "TS           0.853612  0.980854  0.978324   0.298277  1.000000 -0.135847   \n",
       "WS10M       -0.221718 -0.163861 -0.163263  -0.050288 -0.135847  1.000000   \n",
       "WS10M_MAX   -0.269166 -0.181203 -0.195162  -0.017509 -0.160465  0.949441   \n",
       "WS10M_MIN   -0.073653 -0.079313 -0.058402  -0.078076 -0.048461  0.825591   \n",
       "WS10M_RANGE -0.306636 -0.186357 -0.218959   0.029539 -0.179734  0.699529   \n",
       "WS50M       -0.198210 -0.160023 -0.171324  -0.018139 -0.144483  0.966296   \n",
       "WS50M_MAX   -0.253167 -0.161648 -0.201915   0.056856 -0.157044  0.907668   \n",
       "WS50M_MIN   -0.050520 -0.092867 -0.060939  -0.110814 -0.062116  0.790328   \n",
       "WS50M_RANGE -0.277157 -0.119556 -0.201491   0.177951 -0.142772  0.416696   \n",
       "score        0.019381  0.215055  0.158874   0.210347  0.189551 -0.010262   \n",
       "\n",
       "             WS10M_MAX  WS10M_MIN  WS10M_RANGE     WS50M  WS50M_MAX  \\\n",
       "fips          0.168260   0.140860     0.127652  0.171681   0.178319   \n",
       "PRECTOT       0.020099   0.007142     0.021793  0.038400   0.040684   \n",
       "PS           -0.167571   0.018332    -0.234233 -0.051806  -0.110569   \n",
       "QV2M         -0.254716  -0.069646    -0.290214 -0.200504  -0.256431   \n",
       "T2M          -0.183937  -0.065859    -0.199063 -0.161299  -0.176500   \n",
       "T2MDEW       -0.269673  -0.073715    -0.307266 -0.198396  -0.253461   \n",
       "T2MWET       -0.269166  -0.073653    -0.306636 -0.198210  -0.253167   \n",
       "T2M_MAX      -0.181203  -0.079313    -0.186357 -0.160023  -0.161648   \n",
       "T2M_MIN      -0.195162  -0.058402    -0.218959 -0.171324  -0.201915   \n",
       "T2M_RANGE    -0.017509  -0.078076     0.029539 -0.018139   0.056856   \n",
       "TS           -0.160465  -0.048461    -0.179734 -0.144483  -0.157044   \n",
       "WS10M         0.949441   0.825591     0.699529  0.966296   0.907668   \n",
       "WS10M_MAX     1.000000   0.676101     0.867420  0.907085   0.943767   \n",
       "WS10M_MIN     0.676101   1.000000     0.219848  0.831900   0.656063   \n",
       "WS10M_RANGE   0.867420   0.219848     1.000000  0.639188   0.806500   \n",
       "WS50M         0.907085   0.831900     0.639188  1.000000   0.916961   \n",
       "WS50M_MAX     0.943767   0.656063     0.806500  0.916961   1.000000   \n",
       "WS50M_MIN     0.648543   0.944035     0.221152  0.840269   0.635388   \n",
       "WS50M_RANGE   0.597329  -0.051891     0.825907  0.381325   0.681978   \n",
       "score         0.005142  -0.031935     0.028356 -0.031500  -0.011423   \n",
       "\n",
       "             WS50M_MIN  WS50M_RANGE     score  \n",
       "fips          0.126379     0.109222 -0.056733  \n",
       "PRECTOT       0.046776     0.007928 -0.059017  \n",
       "PS            0.039797    -0.179640 -0.106192  \n",
       "QV2M         -0.051629    -0.280298  0.021616  \n",
       "T2M          -0.073905    -0.156582  0.183459  \n",
       "T2MDEW       -0.050469    -0.277582  0.018576  \n",
       "T2MWET       -0.050520    -0.277157  0.019381  \n",
       "T2M_MAX      -0.092867    -0.119556  0.215055  \n",
       "T2M_MIN      -0.060939    -0.201491  0.158874  \n",
       "T2M_RANGE    -0.110814     0.177951  0.210347  \n",
       "TS           -0.062116    -0.142772  0.189551  \n",
       "WS10M         0.790328     0.416696 -0.010262  \n",
       "WS10M_MAX     0.648543     0.597329  0.005142  \n",
       "WS10M_MIN     0.944035    -0.051891 -0.031935  \n",
       "WS10M_RANGE   0.221152     0.825907  0.028356  \n",
       "WS50M         0.840269     0.381325 -0.031500  \n",
       "WS50M_MAX     0.635388     0.681978 -0.011423  \n",
       "WS50M_MIN     1.000000    -0.131438 -0.050910  \n",
       "WS50M_RANGE  -0.131438     1.000000  0.033559  \n",
       "score        -0.050910     0.033559  1.000000  "
      ]
     },
     "execution_count": 4,
     "metadata": {},
     "output_type": "execute_result"
    }
   ],
   "source": [
    "df.corr()"
   ]
  },
  {
   "cell_type": "markdown",
   "metadata": {},
   "source": [
    "# OLS on Train"
   ]
  },
  {
   "cell_type": "markdown",
   "metadata": {},
   "source": [
    "Linear Regression on df with all attributes:"
   ]
  },
  {
   "cell_type": "code",
   "execution_count": 5,
   "metadata": {
    "scrolled": true
   },
   "outputs": [
    {
