{
 "cells": [
  {
   "cell_type": "code",
   "execution_count": 13,
   "metadata": {},
   "outputs": [],
   "source": [
    "import pandas as pd\n",
    "import numpy as np\n",
    "from sklearn.linear_model import LinearRegression\n",
    "from sklearn.metrics import r2_score\n",
    "from sklearn import metrics"
   ]
  },
  {
   "cell_type": "markdown",
   "metadata": {},
   "source": [
    "# **Train:**"
   ]
  },
  {
   "cell_type": "markdown",
   "metadata": {},
   "source": [
    "Normalize:"
   ]
  },
  {
   "cell_type": "code",
   "execution_count": 2,
   "metadata": {},
   "outputs": [],
   "source": [
    "df_Normalized = pd.read_csv('D:\\DM project\\Step 2 = normalizing datasets with two ways\\output_datasets\\Train_Normalized.csv')"
   ]
  },
  {
   "cell_type": "markdown",
   "metadata": {},
   "source": [
    "correlation of normalized dataframe:"
   ]
  },
  {
   "cell_type": "code",
   "execution_count": 3,
   "metadata": {},
   "outputs": [
    {
     "data": {
      "text/html": [
       "<div>\n",
       "<style scoped>\n",
       "    .dataframe tbody tr th:only-of-type {\n",
       "        vertical-align: middle;\n",
       "    }\n",
       "\n",
       "    .dataframe tbody tr th {\n",
       "        vertical-align: top;\n",
       "    }\n",
       "\n",
       "    .dataframe thead th {\n",
       "        text-align: right;\n",
       "    }\n",
       "</style>\n",
       "<table border=\"1\" class=\"dataframe\">\n",
       "  <thead>\n",
       "    <tr style=\"text-align: right;\">\n",
       "      <th></th>\n",
       "      <th>fips</th>\n",
       "      <th>PRECTOT</th>\n",
       "      <th>PS</th>\n",
       "      <th>QV2M</th>\n",
       "      <th>T2M</th>\n",
       "      <th>T2MDEW</th>\n",
       "      <th>T2MWET</th>\n",
       "      <th>T2M_MAX</th>\n",
       "      <th>T2M_MIN</th>\n",
       "      <th>T2M_RANGE</th>\n",
       "      <th>TS</th>\n",
       "      <th>WS10M</th>\n",
       "      <th>WS10M_MAX</th>\n",
       "      <th>WS10M_MIN</th>\n",
       "      <th>WS10M_RANGE</th>\n",
       "      <th>WS50M</th>\n",
       "      <th>WS50M_MAX</th>\n",
       "      <th>WS50M_MIN</th>\n",
       "      <th>WS50M_RANGE</th>\n",
       "      <th>score</th>\n",
       "    </tr>\n",
       "  </thead>\n",
       "  <tbody>\n",
       "    <tr>\n",
       "      <th>fips</th>\n",
       "      <td>1.000000</td>\n",
       "      <td>-0.012617</td>\n",
       "      <td>0.041012</td>\n",
       "      <td>-0.050903</td>\n",
       "      <td>-0.043224</td>\n",
       "      <td>-0.042813</td>\n",
       "      <td>-0.043025</td>\n",
       "      <td>-0.044975</td>\n",
       "      <td>-0.041489</td>\n",
       "      <td>-0.014310</td>\n",
       "      <td>-0.038879</td>\n",
       "      <td>0.047728</td>\n",
       "      <td>0.040669</td>\n",
       "      <td>0.040046</td>\n",
       "      <td>0.027622</td>\n",
       "      <td>0.054691</td>\n",
       "      <td>0.054790</td>\n",
       "      <td>0.041953</td>\n",
       "      <td>0.032444</td>\n",
       "      <td>-0.030001</td>\n",
       "    </tr>\n",
       "    <tr>\n",
       "      <th>PRECTOT</th>\n",
       "      <td>-0.012617</td>\n",
       "      <td>1.000000</td>\n",
       "      <td>-0.163654</td>\n",
       "      <td>0.223343</td>\n",
       "      <td>0.060147</td>\n",
       "      <td>0.210059</td>\n",
       "      <td>0.209890</td>\n",
       "      <td>-0.017499</td>\n",
       "      <td>0.118876</td>\n",
       "      <td>-0.329070</td>\n",
       "      <td>0.057283</td>\n",
       "      <td>0.024474</td>\n",
       "      <td>0.034310</td>\n",
       "      <td>0.005139</td>\n",
       "      <td>0.042280</td>\n",
       "      <td>0.036091</td>\n",
       "      <td>0.041463</td>\n",
       "      <td>0.037746</td>\n",
       "      <td>0.019003</td>\n",
       "      <td>-0.065080</td>\n",
       "    </tr>\n",
       "    <tr>\n",
       "      <th>PS</th>\n",
       "      <td>0.041012</td>\n",
       "      <td>-0.163654</td>\n",
       "      <td>1.000000</td>\n",
       "      <td>-0.800718</td>\n",
       "      <td>-0.794927</td>\n",
       "      <td>-0.699961</td>\n",
       "      <td>-0.702344</td>\n",
       "      <td>-0.765761</td>\n",
       "      <td>-0.780740</td>\n",
       "      <td>-0.065545</td>\n",
       "      <td>-0.797164</td>\n",
       "      <td>0.140098</td>\n",
       "      <td>0.148051</td>\n",
       "      <td>0.087393</td>\n",
       "      <td>0.139238</td>\n",
       "      <td>0.180150</td>\n",
       "      <td>0.194719</td>\n",
       "      <td>0.102803</td>\n",
       "      <td>0.158148</td>\n",
       "      <td>-0.116719</td>\n",
       "    </tr>\n",
       "    <tr>\n",
       "      <th>QV2M</th>\n",
       "      <td>-0.050903</td>\n",
       "      <td>0.223343</td>\n",
       "      <td>-0.800718</td>\n",
       "      <td>1.000000</td>\n",
       "      <td>0.847060</td>\n",
       "      <td>0.951367</td>\n",
       "      <td>0.952446</td>\n",
       "      <td>0.760816</td>\n",
       "      <td>0.892262</td>\n",
       "      <td>-0.214161</td>\n",
       "      <td>0.837992</td>\n",
       "      <td>-0.340113</td>\n",
       "      <td>-0.365967</td>\n",
       "      <td>-0.204410</td>\n",
       "      <td>-0.351876</td>\n",
       "      <td>-0.343004</td>\n",
       "      <td>-0.396481</td>\n",
       "      <td>-0.176175</td>\n",
       "      <td>-0.352693</td>\n",
       "      <td>-0.054553</td>\n",
       "    </tr>\n",
       "    <tr>\n",
       "      <th>T2M</th>\n",
       "      <td>-0.043224</td>\n",
       "      <td>0.060147</td>\n",
       "      <td>-0.794927</td>\n",
       "      <td>0.847060</td>\n",
       "      <td>1.000000</td>\n",
       "      <td>0.894924</td>\n",
       "      <td>0.895788</td>\n",
       "      <td>0.977075</td>\n",
       "      <td>0.977535</td>\n",
       "      <td>0.128322</td>\n",
       "      <td>0.996880</td>\n",
       "      <td>-0.299848</td>\n",
       "      <td>-0.305482</td>\n",
       "      <td>-0.207538</td>\n",
       "      <td>-0.269263</td>\n",
       "      <td>-0.305973</td>\n",
       "      <td>-0.325889</td>\n",
       "      <td>-0.195103</td>\n",
       "      <td>-0.243350</td>\n",
       "      <td>0.091806</td>\n",
       "    </tr>\n",
       "    <tr>\n",
       "      <th>T2MDEW</th>\n",
       "      <td>-0.042813</td>\n",
       "      <td>0.210059</td>\n",
       "      <td>-0.699961</td>\n",
       "      <td>0.951367</td>\n",
       "      <td>0.894924</td>\n",
       "      <td>1.000000</td>\n",
       "      <td>0.999965</td>\n",
       "      <td>0.814536</td>\n",
       "      <td>0.930806</td>\n",
       "      <td>-0.170683</td>\n",
       "      <td>0.886478</td>\n",
       "      <td>-0.344856</td>\n",
       "      <td>-0.373399</td>\n",
       "      <td>-0.201585</td>\n",
       "      <td>-0.363641</td>\n",
       "      <td>-0.333482</td>\n",
       "      <td>-0.385626</td>\n",
       "      <td>-0.168991</td>\n",
       "      <td>-0.345222</td>\n",
       "      <td>-0.065163</td>\n",
       "    </tr>\n",
       "    <tr>\n",
       "      <th>T2MWET</th>\n",
       "      <td>-0.043025</td>\n",
       "      <td>0.209890</td>\n",
       "      <td>-0.702344</td>\n",
       "      <td>0.952446</td>\n",
       "      <td>0.895788</td>\n",
       "      <td>0.999965</td>\n",
       "      <td>1.000000</td>\n",
       "      <td>0.815385</td>\n",
       "      <td>0.931687</td>\n",
       "      <td>-0.170648</td>\n",
       "      <td>0.887380</td>\n",
       "      <td>-0.344817</td>\n",
       "      <td>-0.373272</td>\n",
       "      <td>-0.201817</td>\n",
       "      <td>-0.363319</td>\n",
       "      <td>-0.333734</td>\n",
       "      <td>-0.385814</td>\n",
       "      <td>-0.169338</td>\n",
       "      <td>-0.345144</td>\n",
       "      <td>-0.064370</td>\n",
       "    </tr>\n",
       "    <tr>\n",
       "      <th>T2M_MAX</th>\n",
       "      <td>-0.044975</td>\n",
       "      <td>-0.017499</td>\n",
       "      <td>-0.765761</td>\n",
       "      <td>0.760816</td>\n",
       "      <td>0.977075</td>\n",
       "      <td>0.814536</td>\n",
       "      <td>0.815385</td>\n",
       "      <td>1.000000</td>\n",
       "      <td>0.918913</td>\n",
       "      <td>0.326744</td>\n",
       "      <td>0.972325</td>\n",
       "      <td>-0.296658</td>\n",
       "      <td>-0.291600</td>\n",
       "      <td>-0.219227</td>\n",
       "      <td>-0.243034</td>\n",
       "      <td>-0.293841</td>\n",
       "      <td>-0.296839</td>\n",
       "      <td>-0.210989</td>\n",
       "      <td>-0.190860</td>\n",
       "      <td>0.136836</td>\n",
       "    </tr>\n",
       "    <tr>\n",
       "      <th>T2M_MIN</th>\n",
       "      <td>-0.041489</td>\n",
       "      <td>0.118876</td>\n",
       "      <td>-0.780740</td>\n",
       "      <td>0.892262</td>\n",
       "      <td>0.977535</td>\n",
       "      <td>0.930806</td>\n",
       "      <td>0.931687</td>\n",
       "      <td>0.918913</td>\n",
       "      <td>1.000000</td>\n",
       "      <td>-0.072561</td>\n",
       "      <td>0.974895</td>\n",
       "      <td>-0.303697</td>\n",
       "      <td>-0.318990</td>\n",
       "      <td>-0.195385</td>\n",
       "      <td>-0.295301</td>\n",
       "      <td>-0.317200</td>\n",
       "      <td>-0.353795</td>\n",
       "      <td>-0.179960</td>\n",
       "      <td>-0.293664</td>\n",
       "      <td>0.055193</td>\n",
       "    </tr>\n",
       "    <tr>\n",
       "      <th>T2M_RANGE</th>\n",
       "      <td>-0.014310</td>\n",
       "      <td>-0.329070</td>\n",
       "      <td>-0.065545</td>\n",
       "      <td>-0.214161</td>\n",
       "      <td>0.128322</td>\n",
       "      <td>-0.170683</td>\n",
       "      <td>-0.170648</td>\n",
       "      <td>0.326744</td>\n",
       "      <td>-0.072561</td>\n",
       "      <td>1.000000</td>\n",
       "      <td>0.122638</td>\n",
       "      <td>-0.022431</td>\n",
       "      <td>0.026999</td>\n",
       "      <td>-0.086165</td>\n",
       "      <td>0.093039</td>\n",
       "      <td>0.017045</td>\n",
       "      <td>0.097145</td>\n",
       "      <td>-0.102291</td>\n",
       "      <td>0.221034</td>\n",
       "      <td>0.213740</td>\n",
       "    </tr>\n",
       "    <tr>\n",
       "      <th>TS</th>\n",
       "      <td>-0.038879</td>\n",
       "      <td>0.057283</td>\n",
       "      <td>-0.797164</td>\n",
       "      <td>0.837992</td>\n",
       "      <td>0.996880</td>\n",
       "      <td>0.886478</td>\n",
       "      <td>0.887380</td>\n",
       "      <td>0.972325</td>\n",
       "      <td>0.974895</td>\n",
       "      <td>0.122638</td>\n",
       "      <td>1.000000</td>\n",
       "      <td>-0.280268</td>\n",
       "      <td>-0.286841</td>\n",
       "      <td>-0.190739</td>\n",
       "      <td>-0.255571</td>\n",
       "      <td>-0.292271</td>\n",
       "      <td>-0.312044</td>\n",
       "      <td>-0.183453</td>\n",
       "      <td>-0.236122</td>\n",
       "      <td>0.098953</td>\n",
       "    </tr>\n",
       "    <tr>\n",
       "      <th>WS10M</th>\n",
       "      <td>0.047728</td>\n",
       "      <td>0.024474</td>\n",
       "      <td>0.140098</td>\n",
       "      <td>-0.340113</td>\n",
       "      <td>-0.299848</td>\n",
       "      <td>-0.344856</td>\n",
       "      <td>-0.344817</td>\n",
       "      <td>-0.296658</td>\n",
       "      <td>-0.303697</td>\n",
       "      <td>-0.022431</td>\n",
       "      <td>-0.280268</td>\n",
       "      <td>1.000000</td>\n",
       "      <td>0.953433</td>\n",
       "      <td>0.828971</td>\n",
       "      <td>0.720324</td>\n",
       "      <td>0.967412</td>\n",
       "      <td>0.910947</td>\n",
       "      <td>0.792320</td>\n",
       "      <td>0.451675</td>\n",
       "      <td>0.029630</td>\n",
       "    </tr>\n",
       "    <tr>\n",
       "      <th>WS10M_MAX</th>\n",
       "      <td>0.040669</td>\n",
       "      <td>0.034310</td>\n",
       "      <td>0.148051</td>\n",
       "      <td>-0.365967</td>\n",
       "      <td>-0.305482</td>\n",
       "      <td>-0.373399</td>\n",
       "      <td>-0.373272</td>\n",
       "      <td>-0.291600</td>\n",
       "      <td>-0.318990</td>\n",
       "      <td>0.026999</td>\n",
       "      <td>-0.286841</td>\n",
       "      <td>0.953433</td>\n",
       "      <td>1.000000</td>\n",
       "      <td>0.686908</td>\n",
       "      <td>0.876451</td>\n",
       "      <td>0.915374</td>\n",
       "      <td>0.949821</td>\n",
       "      <td>0.658498</td>\n",
       "      <td>0.626094</td>\n",
       "      <td>0.050076</td>\n",
       "    </tr>\n",
       "    <tr>\n",
       "      <th>WS10M_MIN</th>\n",
       "      <td>0.040046</td>\n",
       "      <td>0.005139</td>\n",
       "      <td>0.087393</td>\n",
       "      <td>-0.204410</td>\n",
       "      <td>-0.207538</td>\n",
       "      <td>-0.201585</td>\n",
       "      <td>-0.201817</td>\n",
       "      <td>-0.219227</td>\n",
       "      <td>-0.195385</td>\n",
       "      <td>-0.086165</td>\n",
       "      <td>-0.190739</td>\n",
       "      <td>0.828971</td>\n",
       "      <td>0.686908</td>\n",
       "      <td>1.000000</td>\n",
       "      <td>0.252124</td>\n",
       "      <td>0.832485</td>\n",
       "      <td>0.660939</td>\n",
       "      <td>0.944901</td>\n",
       "      <td>-0.014745</td>\n",
       "      <td>-0.009558</td>\n",
       "    </tr>\n",
       "    <tr>\n",
       "      <th>WS10M_RANGE</th>\n",
       "      <td>0.027622</td>\n",
       "      <td>0.042280</td>\n",
       "      <td>0.139238</td>\n",
       "      <td>-0.351876</td>\n",
       "      <td>-0.269263</td>\n",
       "      <td>-0.363641</td>\n",
       "      <td>-0.363319</td>\n",
       "      <td>-0.243034</td>\n",
       "      <td>-0.295301</td>\n",
       "      <td>0.093039</td>\n",
       "      <td>-0.255571</td>\n",
       "      <td>0.720324</td>\n",
       "      <td>0.876451</td>\n",
       "      <td>0.252124</td>\n",
       "      <td>1.000000</td>\n",
       "      <td>0.667319</td>\n",
       "      <td>0.826842</td>\n",
       "      <td>0.250796</td>\n",
       "      <td>0.843445</td>\n",
       "      <td>0.073008</td>\n",
       "    </tr>\n",
       "    <tr>\n",
       "      <th>WS50M</th>\n",
       "      <td>0.054691</td>\n",
       "      <td>0.036091</td>\n",
       "      <td>0.180150</td>\n",
       "      <td>-0.343004</td>\n",
       "      <td>-0.305973</td>\n",
       "      <td>-0.333482</td>\n",
       "      <td>-0.333734</td>\n",
       "      <td>-0.293841</td>\n",
       "      <td>-0.317200</td>\n",
       "      <td>0.017045</td>\n",
       "      <td>-0.292271</td>\n",
       "      <td>0.967412</td>\n",
       "      <td>0.915374</td>\n",
       "      <td>0.832485</td>\n",
       "      <td>0.667319</td>\n",
       "      <td>1.000000</td>\n",
       "      <td>0.922296</td>\n",
       "      <td>0.841298</td>\n",
       "      <td>0.421110</td>\n",
       "      <td>0.008215</td>\n",
       "    </tr>\n",
       "    <tr>\n",
       "      <th>WS50M_MAX</th>\n",
       "      <td>0.054790</td>\n",
       "      <td>0.041463</td>\n",
       "      <td>0.194719</td>\n",
       "      <td>-0.396481</td>\n",
       "      <td>-0.325889</td>\n",
       "      <td>-0.385626</td>\n",
       "      <td>-0.385814</td>\n",
       "      <td>-0.296839</td>\n",
       "      <td>-0.353795</td>\n",
       "      <td>0.097145</td>\n",
       "      <td>-0.312044</td>\n",
       "      <td>0.910947</td>\n",
       "      <td>0.949821</td>\n",
       "      <td>0.660939</td>\n",
       "      <td>0.826842</td>\n",
       "      <td>0.922296</td>\n",
       "      <td>1.000000</td>\n",
       "      <td>0.643174</td>\n",
       "      <td>0.705548</td>\n",
       "      <td>0.029146</td>\n",
       "    </tr>\n",
       "    <tr>\n",
       "      <th>WS50M_MIN</th>\n",
       "      <td>0.041953</td>\n",
       "      <td>0.037746</td>\n",
       "      <td>0.102803</td>\n",
       "      <td>-0.176175</td>\n",
       "      <td>-0.195103</td>\n",
       "      <td>-0.168991</td>\n",
       "      <td>-0.169338</td>\n",
       "      <td>-0.210989</td>\n",
       "      <td>-0.179960</td>\n",
       "      <td>-0.102291</td>\n",
       "      <td>-0.183453</td>\n",
       "      <td>0.792320</td>\n",
       "      <td>0.658498</td>\n",
       "      <td>0.944901</td>\n",
       "      <td>0.250796</td>\n",
       "      <td>0.841298</td>\n",
       "      <td>0.643174</td>\n",
       "      <td>1.000000</td>\n",
       "      <td>-0.088844</td>\n",
       "      <td>-0.025743</td>\n",
       "    </tr>\n",
       "    <tr>\n",
       "      <th>WS50M_RANGE</th>\n",
       "      <td>0.032444</td>\n",
       "      <td>0.019003</td>\n",
       "      <td>0.158148</td>\n",
       "      <td>-0.352693</td>\n",
       "      <td>-0.243350</td>\n",
       "      <td>-0.345222</td>\n",
       "      <td>-0.345144</td>\n",
       "      <td>-0.190860</td>\n",
       "      <td>-0.293664</td>\n",
       "      <td>0.221034</td>\n",
       "      <td>-0.236122</td>\n",
       "      <td>0.451675</td>\n",
       "      <td>0.626094</td>\n",
       "      <td>-0.014745</td>\n",
       "      <td>0.843445</td>\n",
       "      <td>0.421110</td>\n",
       "      <td>0.705548</td>\n",
       "      <td>-0.088844</td>\n",
       "      <td>1.000000</td>\n",
       "      <td>0.061737</td>\n",
       "    </tr>\n",
       "    <tr>\n",
       "      <th>score</th>\n",
       "      <td>-0.030001</td>\n",
       "      <td>-0.065080</td>\n",
       "      <td>-0.116719</td>\n",
       "      <td>-0.054553</td>\n",
       "      <td>0.091806</td>\n",
       "      <td>-0.065163</td>\n",
       "      <td>-0.064370</td>\n",
       "      <td>0.136836</td>\n",
       "      <td>0.055193</td>\n",
       "      <td>0.213740</td>\n",
       "      <td>0.098953</td>\n",
       "      <td>0.029630</td>\n",
       "      <td>0.050076</td>\n",
       "      <td>-0.009558</td>\n",
       "      <td>0.073008</td>\n",
       "      <td>0.008215</td>\n",
       "      <td>0.029146</td>\n",
       "      <td>-0.025743</td>\n",
       "      <td>0.061737</td>\n",
       "      <td>1.000000</td>\n",
       "    </tr>\n",
       "  </tbody>\n",
       "</table>\n",
       "</div>"
      ],
      "text/plain": [
       "                 fips   PRECTOT        PS      QV2M       T2M    T2MDEW  \\\n",
       "fips         1.000000 -0.012617  0.041012 -0.050903 -0.043224 -0.042813   \n",
       "PRECTOT     -0.012617  1.000000 -0.163654  0.223343  0.060147  0.210059   \n",
       "PS           0.041012 -0.163654  1.000000 -0.800718 -0.794927 -0.699961   \n",
       "QV2M        -0.050903  0.223343 -0.800718  1.000000  0.847060  0.951367   \n",
       "T2M         -0.043224  0.060147 -0.794927  0.847060  1.000000  0.894924   \n",
       "T2MDEW      -0.042813  0.210059 -0.699961  0.951367  0.894924  1.000000   \n",
       "T2MWET      -0.043025  0.209890 -0.702344  0.952446  0.895788  0.999965   \n",
       "T2M_MAX     -0.044975 -0.017499 -0.765761  0.760816  0.977075  0.814536   \n",
       "T2M_MIN     -0.041489  0.118876 -0.780740  0.892262  0.977535  0.930806   \n",
       "T2M_RANGE   -0.014310 -0.329070 -0.065545 -0.214161  0.128322 -0.170683   \n",
       "TS          -0.038879  0.057283 -0.797164  0.837992  0.996880  0.886478   \n",
       "WS10M        0.047728  0.024474  0.140098 -0.340113 -0.299848 -0.344856   \n",
       "WS10M_MAX    0.040669  0.034310  0.148051 -0.365967 -0.305482 -0.373399   \n",
       "WS10M_MIN    0.040046  0.005139  0.087393 -0.204410 -0.207538 -0.201585   \n",
       "WS10M_RANGE  0.027622  0.042280  0.139238 -0.351876 -0.269263 -0.363641   \n",
       "WS50M        0.054691  0.036091  0.180150 -0.343004 -0.305973 -0.333482   \n",
       "WS50M_MAX    0.054790  0.041463  0.194719 -0.396481 -0.325889 -0.385626   \n",
       "WS50M_MIN    0.041953  0.037746  0.102803 -0.176175 -0.195103 -0.168991   \n",
       "WS50M_RANGE  0.032444  0.019003  0.158148 -0.352693 -0.243350 -0.345222   \n",
       "score       -0.030001 -0.065080 -0.116719 -0.054553  0.091806 -0.065163   \n",
       "\n",
       "               T2MWET   T2M_MAX   T2M_MIN  T2M_RANGE        TS     WS10M  \\\n",
       "fips        -0.043025 -0.044975 -0.041489  -0.014310 -0.038879  0.047728   \n",
       "PRECTOT      0.209890 -0.017499  0.118876  -0.329070  0.057283  0.024474   \n",
       "PS          -0.702344 -0.765761 -0.780740  -0.065545 -0.797164  0.140098   \n",
       "QV2M         0.952446  0.760816  0.892262  -0.214161  0.837992 -0.340113   \n",
       "T2M          0.895788  0.977075  0.977535   0.128322  0.996880 -0.299848   \n",
       "T2MDEW       0.999965  0.814536  0.930806  -0.170683  0.886478 -0.344856   \n",
       "T2MWET       1.000000  0.815385  0.931687  -0.170648  0.887380 -0.344817   \n",
       "T2M_MAX      0.815385  1.000000  0.918913   0.326744  0.972325 -0.296658   \n",
       "T2M_MIN      0.931687  0.918913  1.000000  -0.072561  0.974895 -0.303697   \n",
       "T2M_RANGE   -0.170648  0.326744 -0.072561   1.000000  0.122638 -0.022431   \n",
       "TS           0.887380  0.972325  0.974895   0.122638  1.000000 -0.280268   \n",
       "WS10M       -0.344817 -0.296658 -0.303697  -0.022431 -0.280268  1.000000   \n",
       "WS10M_MAX   -0.373272 -0.291600 -0.318990   0.026999 -0.286841  0.953433   \n",
       "WS10M_MIN   -0.201817 -0.219227 -0.195385  -0.086165 -0.190739  0.828971   \n",
       "WS10M_RANGE -0.363319 -0.243034 -0.295301   0.093039 -0.255571  0.720324   \n",
       "WS50M       -0.333734 -0.293841 -0.317200   0.017045 -0.292271  0.967412   \n",
       "WS50M_MAX   -0.385814 -0.296839 -0.353795   0.097145 -0.312044  0.910947   \n",
       "WS50M_MIN   -0.169338 -0.210989 -0.179960  -0.102291 -0.183453  0.792320   \n",
       "WS50M_RANGE -0.345144 -0.190860 -0.293664   0.221034 -0.236122  0.451675   \n",
       "score       -0.064370  0.136836  0.055193   0.213740  0.098953  0.029630   \n",
       "\n",
       "             WS10M_MAX  WS10M_MIN  WS10M_RANGE     WS50M  WS50M_MAX  \\\n",
       "fips          0.040669   0.040046     0.027622  0.054691   0.054790   \n",
       "PRECTOT       0.034310   0.005139     0.042280  0.036091   0.041463   \n",
       "PS            0.148051   0.087393     0.139238  0.180150   0.194719   \n",
       "QV2M         -0.365967  -0.204410    -0.351876 -0.343004  -0.396481   \n",
       "T2M          -0.305482  -0.207538    -0.269263 -0.305973  -0.325889   \n",
       "T2MDEW       -0.373399  -0.201585    -0.363641 -0.333482  -0.385626   \n",
       "T2MWET       -0.373272  -0.201817    -0.363319 -0.333734  -0.385814   \n",
       "T2M_MAX      -0.291600  -0.219227    -0.243034 -0.293841  -0.296839   \n",
       "T2M_MIN      -0.318990  -0.195385    -0.295301 -0.317200  -0.353795   \n",
       "T2M_RANGE     0.026999  -0.086165     0.093039  0.017045   0.097145   \n",
       "TS           -0.286841  -0.190739    -0.255571 -0.292271  -0.312044   \n",
       "WS10M         0.953433   0.828971     0.720324  0.967412   0.910947   \n",
       "WS10M_MAX     1.000000   0.686908     0.876451  0.915374   0.949821   \n",
       "WS10M_MIN     0.686908   1.000000     0.252124  0.832485   0.660939   \n",
       "WS10M_RANGE   0.876451   0.252124     1.000000  0.667319   0.826842   \n",
       "WS50M         0.915374   0.832485     0.667319  1.000000   0.922296   \n",
       "WS50M_MAX     0.949821   0.660939     0.826842  0.922296   1.000000   \n",
       "WS50M_MIN     0.658498   0.944901     0.250796  0.841298   0.643174   \n",
       "WS50M_RANGE   0.626094  -0.014745     0.843445  0.421110   0.705548   \n",
       "score         0.050076  -0.009558     0.073008  0.008215   0.029146   \n",
       "\n",
       "             WS50M_MIN  WS50M_RANGE     score  \n",
       "fips          0.041953     0.032444 -0.030001  \n",
       "PRECTOT       0.037746     0.019003 -0.065080  \n",
       "PS            0.102803     0.158148 -0.116719  \n",
       "QV2M         -0.176175    -0.352693 -0.054553  \n",
       "T2M          -0.195103    -0.243350  0.091806  \n",
       "T2MDEW       -0.168991    -0.345222 -0.065163  \n",
       "T2MWET       -0.169338    -0.345144 -0.064370  \n",
       "T2M_MAX      -0.210989    -0.190860  0.136836  \n",
       "T2M_MIN      -0.179960    -0.293664  0.055193  \n",
       "T2M_RANGE    -0.102291     0.221034  0.213740  \n",
       "TS           -0.183453    -0.236122  0.098953  \n",
       "WS10M         0.792320     0.451675  0.029630  \n",
       "WS10M_MAX     0.658498     0.626094  0.050076  \n",
       "WS10M_MIN     0.944901    -0.014745 -0.009558  \n",
       "WS10M_RANGE   0.250796     0.843445  0.073008  \n",
       "WS50M         0.841298     0.421110  0.008215  \n",
       "WS50M_MAX     0.643174     0.705548  0.029146  \n",
       "WS50M_MIN     1.000000    -0.088844 -0.025743  \n",
       "WS50M_RANGE  -0.088844     1.000000  0.061737  \n",
       "score        -0.025743     0.061737  1.000000  "
      ]
     },
     "execution_count": 3,
     "metadata": {},
     "output_type": "execute_result"
    }
   ],
   "source": [
    "df_Normalized.corr()"
   ]
  },
  {
   "cell_type": "markdown",
   "metadata": {},
   "source": [
    "StandardScaler:"
   ]
  },
  {
   "cell_type": "code",
   "execution_count": 4,
   "metadata": {},
   "outputs": [],
   "source": [
    "df_StandardScalered = pd.read_csv('D:\\DM project\\Step 2 = normalizing datasets with two ways\\output_datasets\\Train_StandardScalered.csv')"
   ]
  },
  {
   "cell_type": "markdown",
   "metadata": {},
   "source": [
    "correlation of StandardScalered dataframe:"
   ]
  },
  {
   "cell_type": "code",
   "execution_count": 5,
   "metadata": {
    "scrolled": true
   },
   "outputs": [
    {
     "data": {
      "text/html": [
       "<div>\n",
       "<style scoped>\n",
       "    .dataframe tbody tr th:only-of-type {\n",
       "        vertical-align: middle;\n",
       "    }\n",
       "\n",
       "    .dataframe tbody tr th {\n",
       "        vertical-align: top;\n",
       "    }\n",
       "\n",
       "    .dataframe thead th {\n",
       "        text-align: right;\n",
       "    }\n",
       "</style>\n",
       "<table border=\"1\" class=\"dataframe\">\n",
       "  <thead>\n",
       "    <tr style=\"text-align: right;\">\n",
       "      <th></th>\n",
       "      <th>fips</th>\n",
       "      <th>PRECTOT</th>\n",
       "      <th>PS</th>\n",
       "      <th>QV2M</th>\n",
       "      <th>T2M</th>\n",
       "      <th>T2MDEW</th>\n",
       "      <th>T2MWET</th>\n",
       "      <th>T2M_MAX</th>\n",
       "      <th>T2M_MIN</th>\n",
       "      <th>T2M_RANGE</th>\n",
       "      <th>TS</th>\n",
       "      <th>WS10M</th>\n",
       "      <th>WS10M_MAX</th>\n",
       "      <th>WS10M_MIN</th>\n",
       "      <th>WS10M_RANGE</th>\n",
       "      <th>WS50M</th>\n",
       "      <th>WS50M_MAX</th>\n",
       "      <th>WS50M_MIN</th>\n",
       "      <th>WS50M_RANGE</th>\n",
       "      <th>score</th>\n",
       "    </tr>\n",
       "  </thead>\n",
       "  <tbody>\n",
       "    <tr>\n",
       "      <th>fips</th>\n",
       "      <td>1.000000</td>\n",
       "      <td>-0.012617</td>\n",
       "      <td>0.041012</td>\n",
       "      <td>-0.050903</td>\n",
       "      <td>-0.043224</td>\n",
       "      <td>-0.042813</td>\n",
       "      <td>-0.043025</td>\n",
       "      <td>-0.044975</td>\n",
       "      <td>-0.041489</td>\n",
       "      <td>-0.014310</td>\n",
       "      <td>-0.038879</td>\n",
       "      <td>0.047728</td>\n",
       "      <td>0.040669</td>\n",
       "      <td>0.040046</td>\n",
       "      <td>0.027622</td>\n",
       "      <td>0.054691</td>\n",
       "      <td>0.054790</td>\n",
       "      <td>0.041953</td>\n",
       "      <td>0.032444</td>\n",
       "      <td>-0.030001</td>\n",
       "    </tr>\n",
       "    <tr>\n",
       "      <th>PRECTOT</th>\n",
       "      <td>-0.012617</td>\n",
       "      <td>1.000000</td>\n",
       "      <td>-0.163654</td>\n",
       "      <td>0.223343</td>\n",
       "      <td>0.060147</td>\n",
       "      <td>0.210059</td>\n",
       "      <td>0.209890</td>\n",
       "      <td>-0.017499</td>\n",
       "      <td>0.118876</td>\n",
       "      <td>-0.329070</td>\n",
       "      <td>0.057283</td>\n",
       "      <td>0.024474</td>\n",
       "      <td>0.034310</td>\n",
       "      <td>0.005139</td>\n",
       "      <td>0.042280</td>\n",
       "      <td>0.036091</td>\n",
       "      <td>0.041463</td>\n",
       "      <td>0.037746</td>\n",
       "      <td>0.019003</td>\n",
       "      <td>-0.065080</td>\n",
       "    </tr>\n",
       "    <tr>\n",
       "      <th>PS</th>\n",
       "      <td>0.041012</td>\n",
       "      <td>-0.163654</td>\n",
       "      <td>1.000000</td>\n",
       "      <td>-0.800718</td>\n",
       "      <td>-0.794927</td>\n",
       "      <td>-0.699961</td>\n",
       "      <td>-0.702344</td>\n",
       "      <td>-0.765761</td>\n",
       "      <td>-0.780740</td>\n",
       "      <td>-0.065545</td>\n",
       "      <td>-0.797164</td>\n",
       "      <td>0.140098</td>\n",
       "      <td>0.148051</td>\n",
       "      <td>0.087393</td>\n",
       "      <td>0.139238</td>\n",
       "      <td>0.180150</td>\n",
       "      <td>0.194719</td>\n",
       "      <td>0.102803</td>\n",
       "      <td>0.158148</td>\n",
       "      <td>-0.116719</td>\n",
       "    </tr>\n",
       "    <tr>\n",
       "      <th>QV2M</th>\n",
       "      <td>-0.050903</td>\n",
       "      <td>0.223343</td>\n",
       "      <td>-0.800718</td>\n",
       "      <td>1.000000</td>\n",
       "      <td>0.847060</td>\n",
       "      <td>0.951367</td>\n",
       "      <td>0.952446</td>\n",
       "      <td>0.760816</td>\n",
       "      <td>0.892262</td>\n",
       "      <td>-0.214161</td>\n",
       "      <td>0.837992</td>\n",
       "      <td>-0.340113</td>\n",
       "      <td>-0.365967</td>\n",
       "      <td>-0.204410</td>\n",
       "      <td>-0.351876</td>\n",
       "      <td>-0.343004</td>\n",
       "      <td>-0.396481</td>\n",
       "      <td>-0.176175</td>\n",
       "      <td>-0.352693</td>\n",
       "      <td>-0.054553</td>\n",
       "    </tr>\n",
       "    <tr>\n",
       "      <th>T2M</th>\n",
       "      <td>-0.043224</td>\n",
       "      <td>0.060147</td>\n",
       "      <td>-0.794927</td>\n",
       "      <td>0.847060</td>\n",
       "      <td>1.000000</td>\n",
       "      <td>0.894924</td>\n",
       "      <td>0.895788</td>\n",
       "      <td>0.977075</td>\n",
       "      <td>0.977535</td>\n",
       "      <td>0.128322</td>\n",
       "      <td>0.996880</td>\n",
       "      <td>-0.299848</td>\n",
       "      <td>-0.305482</td>\n",
       "      <td>-0.207538</td>\n",
       "      <td>-0.269263</td>\n",
       "      <td>-0.305973</td>\n",
       "      <td>-0.325889</td>\n",
       "      <td>-0.195103</td>\n",
       "      <td>-0.243350</td>\n",
       "      <td>0.091806</td>\n",
       "    </tr>\n",
       "    <tr>\n",
       "      <th>T2MDEW</th>\n",
       "      <td>-0.042813</td>\n",
       "      <td>0.210059</td>\n",
       "      <td>-0.699961</td>\n",
       "      <td>0.951367</td>\n",
       "      <td>0.894924</td>\n",
       "      <td>1.000000</td>\n",
       "      <td>0.999965</td>\n",
       "      <td>0.814536</td>\n",
       "      <td>0.930806</td>\n",
       "      <td>-0.170683</td>\n",
       "      <td>0.886478</td>\n",
       "      <td>-0.344856</td>\n",
       "      <td>-0.373399</td>\n",
       "      <td>-0.201585</td>\n",
       "      <td>-0.363641</td>\n",
       "      <td>-0.333482</td>\n",
       "      <td>-0.385626</td>\n",
       "      <td>-0.168991</td>\n",
       "      <td>-0.345222</td>\n",
       "      <td>-0.065163</td>\n",
       "    </tr>\n",
       "    <tr>\n",
       "      <th>T2MWET</th>\n",
       "      <td>-0.043025</td>\n",
       "      <td>0.209890</td>\n",
       "      <td>-0.702344</td>\n",
       "      <td>0.952446</td>\n",
       "      <td>0.895788</td>\n",
       "      <td>0.999965</td>\n",
       "      <td>1.000000</td>\n",
       "      <td>0.815385</td>\n",
       "      <td>0.931687</td>\n",
       "      <td>-0.170648</td>\n",
       "      <td>0.887380</td>\n",
       "      <td>-0.344817</td>\n",
       "      <td>-0.373272</td>\n",
       "      <td>-0.201817</td>\n",
       "      <td>-0.363319</td>\n",
       "      <td>-0.333734</td>\n",
       "      <td>-0.385814</td>\n",
       "      <td>-0.169338</td>\n",
       "      <td>-0.345144</td>\n",
       "      <td>-0.064370</td>\n",
       "    </tr>\n",
       "    <tr>\n",
       "      <th>T2M_MAX</th>\n",
       "      <td>-0.044975</td>\n",
       "      <td>-0.017499</td>\n",
       "      <td>-0.765761</td>\n",
       "      <td>0.760816</td>\n",
       "      <td>0.977075</td>\n",
       "      <td>0.814536</td>\n",
       "      <td>0.815385</td>\n",
       "      <td>1.000000</td>\n",
       "      <td>0.918913</td>\n",
       "      <td>0.326744</td>\n",
       "      <td>0.972325</td>\n",
       "      <td>-0.296658</td>\n",
       "      <td>-0.291600</td>\n",
       "      <td>-0.219227</td>\n",
       "      <td>-0.243034</td>\n",
       "      <td>-0.293841</td>\n",
       "      <td>-0.296839</td>\n",
       "      <td>-0.210989</td>\n",
       "      <td>-0.190860</td>\n",
       "      <td>0.136836</td>\n",
       "    </tr>\n",
       "    <tr>\n",
       "      <th>T2M_MIN</th>\n",
       "      <td>-0.041489</td>\n",
       "      <td>0.118876</td>\n",
       "      <td>-0.780740</td>\n",
       "      <td>0.892262</td>\n",
       "      <td>0.977535</td>\n",
       "      <td>0.930806</td>\n",
       "      <td>0.931687</td>\n",
       "      <td>0.918913</td>\n",
       "      <td>1.000000</td>\n",
       "      <td>-0.072561</td>\n",
       "      <td>0.974895</td>\n",
       "      <td>-0.303697</td>\n",
       "      <td>-0.318990</td>\n",
       "      <td>-0.195385</td>\n",
       "      <td>-0.295301</td>\n",
       "      <td>-0.317200</td>\n",
       "      <td>-0.353795</td>\n",
       "      <td>-0.179960</td>\n",
       "      <td>-0.293664</td>\n",
       "      <td>0.055193</td>\n",
       "    </tr>\n",
       "    <tr>\n",
       "      <th>T2M_RANGE</th>\n",
       "      <td>-0.014310</td>\n",
       "      <td>-0.329070</td>\n",
       "      <td>-0.065545</td>\n",
       "      <td>-0.214161</td>\n",
       "      <td>0.128322</td>\n",
       "      <td>-0.170683</td>\n",
       "      <td>-0.170648</td>\n",
       "      <td>0.326744</td>\n",
       "      <td>-0.072561</td>\n",
       "      <td>1.000000</td>\n",
       "      <td>0.122638</td>\n",
       "      <td>-0.022431</td>\n",
       "      <td>0.026999</td>\n",
       "      <td>-0.086165</td>\n",
       "      <td>0.093039</td>\n",
       "      <td>0.017045</td>\n",
       "      <td>0.097145</td>\n",
       "      <td>-0.102291</td>\n",
       "      <td>0.221034</td>\n",
       "      <td>0.213740</td>\n",
       "    </tr>\n",
       "    <tr>\n",
       "      <th>TS</th>\n",
       "      <td>-0.038879</td>\n",
       "      <td>0.057283</td>\n",
       "      <td>-0.797164</td>\n",
       "      <td>0.837992</td>\n",
       "      <td>0.996880</td>\n",
       "      <td>0.886478</td>\n",
       "      <td>0.887380</td>\n",
       "      <td>0.972325</td>\n",
       "      <td>0.974895</td>\n",
       "      <td>0.122638</td>\n",
       "      <td>1.000000</td>\n",
       "      <td>-0.280268</td>\n",
       "      <td>-0.286841</td>\n",
       "      <td>-0.190739</td>\n",
       "      <td>-0.255571</td>\n",
       "      <td>-0.292271</td>\n",
       "      <td>-0.312044</td>\n",
       "      <td>-0.183453</td>\n",
       "      <td>-0.236122</td>\n",
       "      <td>0.098953</td>\n",
       "    </tr>\n",
       "    <tr>\n",
       "      <th>WS10M</th>\n",
       "      <td>0.047728</td>\n",
       "      <td>0.024474</td>\n",
       "      <td>0.140098</td>\n",
       "      <td>-0.340113</td>\n",
       "      <td>-0.299848</td>\n",
       "      <td>-0.344856</td>\n",
       "      <td>-0.344817</td>\n",
       "      <td>-0.296658</td>\n",
       "      <td>-0.303697</td>\n",
       "      <td>-0.022431</td>\n",
       "      <td>-0.280268</td>\n",
       "      <td>1.000000</td>\n",
       "      <td>0.953433</td>\n",
       "      <td>0.828971</td>\n",
       "      <td>0.720324</td>\n",
       "      <td>0.967412</td>\n",
       "      <td>0.910947</td>\n",
       "      <td>0.792320</td>\n",
       "      <td>0.451675</td>\n",
       "      <td>0.029630</td>\n",
       "    </tr>\n",
       "    <tr>\n",
       "      <th>WS10M_MAX</th>\n",
       "      <td>0.040669</td>\n",
       "      <td>0.034310</td>\n",
       "      <td>0.148051</td>\n",
       "      <td>-0.365967</td>\n",
       "      <td>-0.305482</td>\n",
       "      <td>-0.373399</td>\n",
       "      <td>-0.373272</td>\n",
       "      <td>-0.291600</td>\n",
       "      <td>-0.318990</td>\n",
       "      <td>0.026999</td>\n",
       "      <td>-0.286841</td>\n",
       "      <td>0.953433</td>\n",
       "      <td>1.000000</td>\n",
       "      <td>0.686908</td>\n",
       "      <td>0.876451</td>\n",
       "      <td>0.915374</td>\n",
       "      <td>0.949821</td>\n",
       "      <td>0.658498</td>\n",
       "      <td>0.626094</td>\n",
       "      <td>0.050076</td>\n",
       "    </tr>\n",
       "    <tr>\n",
       "      <th>WS10M_MIN</th>\n",
       "      <td>0.040046</td>\n",
       "      <td>0.005139</td>\n",
       "      <td>0.087393</td>\n",
       "      <td>-0.204410</td>\n",
       "      <td>-0.207538</td>\n",
       "      <td>-0.201585</td>\n",
       "      <td>-0.201817</td>\n",
       "      <td>-0.219227</td>\n",
       "      <td>-0.195385</td>\n",
       "      <td>-0.086165</td>\n",
       "      <td>-0.190739</td>\n",
       "      <td>0.828971</td>\n",
       "      <td>0.686908</td>\n",
       "      <td>1.000000</td>\n",
       "      <td>0.252124</td>\n",
       "      <td>0.832485</td>\n",
       "      <td>0.660939</td>\n",
       "      <td>0.944901</td>\n",
       "      <td>-0.014745</td>\n",
       "      <td>-0.009558</td>\n",
       "    </tr>\n",
       "    <tr>\n",
       "      <th>WS10M_RANGE</th>\n",
       "      <td>0.027622</td>\n",
       "      <td>0.042280</td>\n",
       "      <td>0.139238</td>\n",
       "      <td>-0.351876</td>\n",
       "      <td>-0.269263</td>\n",
       "      <td>-0.363641</td>\n",
       "      <td>-0.363319</td>\n",
       "      <td>-0.243034</td>\n",
       "      <td>-0.295301</td>\n",
       "      <td>0.093039</td>\n",
       "      <td>-0.255571</td>\n",
       "      <td>0.720324</td>\n",
       "      <td>0.876451</td>\n",
       "      <td>0.252124</td>\n",
       "      <td>1.000000</td>\n",
       "      <td>0.667319</td>\n",
       "      <td>0.826842</td>\n",
       "      <td>0.250796</td>\n",
       "      <td>0.843445</td>\n",
       "      <td>0.073008</td>\n",
       "    </tr>\n",
       "    <tr>\n",
       "      <th>WS50M</th>\n",
       "      <td>0.054691</td>\n",
       "      <td>0.036091</td>\n",
       "      <td>0.180150</td>\n",
       "      <td>-0.343004</td>\n",
       "      <td>-0.305973</td>\n",
       "      <td>-0.333482</td>\n",
       "      <td>-0.333734</td>\n",
       "      <td>-0.293841</td>\n",
       "      <td>-0.317200</td>\n",
       "      <td>0.017045</td>\n",
       "      <td>-0.292271</td>\n",
       "      <td>0.967412</td>\n",
